Player,Age,Team,Pos,GP,G,A,PTS,+/-,PIM,EVG,PPG,SHG,GWG,EV,PP,SH,SOG,SPCT,TOI,ATOI,Awards
Wayne Gretzky,26,EDM,C,79,62,121,183,69,28,42,13,7,4,82,33,6,288,21.5,,,"ASnhl-1,Byng-2,Hart-1,Ross-1,Pearson-1"
Jari Kurri,26,EDM,RW,79,54,54,108,35,41,37,12,5,10,39,13,2,211,25.6,,,"ASnhl-1,Byng-4,Selke-10"
Mario Lemieux,21,PIT,C,63,54,53,107,12,57,35,19,0,4,34,19,0,267,20.2,,,"ASnhl-2,Byng-18,Hart-4"
Mark Messier,26,EDM,C,77,37,70,107,22,73,26,7,4,5,42,21,7,210,17.6,,,"ASnhl-4,Hart-9,Selke-16"
Doug Gilmour,23,STL,C,80,42,63,105,-4,58,24,17,1,2,37,25,1,208,20.2,,,"ASnhl-5,Byng-11,Hart-5,Selke-6"
Dino Ciccarelli,26,MNS,RW,80,52,51,103,11,88,30,22,0,5,38,13,0,255,20.4,,,"ASnhl-3,Hart-12"
Dale Hawerchuk,23,WIN,C,80,47,53,100,2,52,37,10,0,4,35,18,0,267,17.6,,,"ASnhl-3,Hart-6"
Michel Goulet,26,QUE,LW,75,49,47,96,-10,61,32,17,0,6,26,21,0,276,17.8,,,"ASnhl-1,Byng-22"
Ray Bourque,26,BOS,D,78,23,72,95,44,36,16,6,1,3,43,27,2,334,6.9,,,"ASnhl-1,Byng-8,Hart-2,Norris-1"
Tim Kerr,27,PHI,RW,75,58,37,95,37,57,32,26,0,10,27,10,0,261,22.2,,,ASnhl-2
Ron Francis,23,HAR,C,75,30,63,93,11,45,23,7,0,7,41,22,0,189,15.9,,,"ASnhl-6,Hart-9"
Denis Savard,25,CHI,C,70,40,50,90,17,108,33,7,0,7,32,18,0,235,17.0,,,
Steve Yzerman,21,DET,C,80,31,59,90,-2,43,21,9,1,2,34,24,1,217,14.3,,,Hart-7
Joe Mullen,29,CGY,RW,79,47,40,87,19,14,32,15,0,12,25,15,0,206,22.8,,,"ASnhl-5,Byng-1"
Walt Poddubny,26,NYR,C,75,40,47,87,15,49,29,11,0,5,29,18,0,253,15.8,,,
Bryan Trottier,30,NYI,C,80,23,64,87,4,50,10,13,0,1,37,25,2,195,11.8,,,
Steve Larmer,25,CHI,RW,80,28,56,84,18,22,18,10,0,4,43,12,1,221,12.7,,,Byng-18
Luc Robitaille,20,LAK,LW,79,45,39,84,-19,28,27,18,0,3,23,16,0,199,22.6,,,"ASnhl-2,AR-1,Byng-13,Calder-1"
Marcel Dionne,35,2TM,C,81,28,56,84,-17,60,18,10,0,2,32,24,0,273,10.3,,,
Marcel Dionne,35,LAK,C,67,24,50,74,-9,54,15,9,0,2,28,22,0,224,10.7,,,
Marcel Dionne,35,NYR,C,14,4,6,10,-8,6,3,1,0,0,4,2,0,49,8.2,,,
Larry Murphy,25,WSH,D,80,23,58,81,25,39,15,8,0,4,37,20,1,224,10.3,,,"ASnhl-3,Norris-3"
Bernie Nicholls,25,LAK,C,80,33,48,81,-16,101,22,10,1,2,30,18,0,227,14.5,,,
Mats Näslund,27,MTL,LW,79,25,55,80,-3,16,15,10,0,3,27,28,0,172,14.5,,,"ASnhl-4,Byng-6"
Dan Quinn,21,2TM,C,80,31,49,80,7,54,17,11,3,4,35,13,1,184,16.8,,,
Dan Quinn,21,CGY,C,16,3,6,9,-6,14,2,1,0,0,2,4,0,27,11.1,,,
Dan Quinn,21,PIT,C,64,28,43,71,13,40,15,10,3,4,33,9,1,157,17.8,,,
Aaron Broten,26,NJD,LW,80,26,53,79,4,36,20,6,0,3,27,25,1,179,14.5,,,Byng-11
Jimmy Carson,18,LAK,C,80,37,42,79,-5,22,19,18,0,2,25,17,0,215,17.2,,,"AR-1,Calder-3"
Kevin Dineen,23,HAR,RW,78,40,39,79,8,110,29,11,0,7,24,15,0,234,17.1,,,"ASnhl-4,Hart-13,Selke-10"
Tony Tanti,23,VAN,RW,77,41,38,79,4,84,26,15,0,7,28,10,0,242,16.9,,,ASnhl-6
Esa Tikkanen,22,EDM,LW,76,34,44,78,44,120,27,7,0,6,36,8,0,126,27.0,,,ASnhl-3
Peter Šťastný,30,QUE,C,64,24,53,77,-22,43,12,12,0,4,33,20,0,156,15.4,,,
Al MacInnis,23,CGY,D,79,20,56,76,20,97,13,7,0,2,31,25,0,262,7.6,,,"ASnhl-4,Norris-6"
Kirk Muller,20,NJD,C,79,26,50,76,-7,75,14,10,2,4,25,24,1,193,13.5,,,
Barry Pederson,25,VAN,C,79,24,52,76,-17,50,18,6,0,3,25,26,1,182,13.2,,,
John Anderson,29,HAR,LW,76,31,44,75,13,19,24,7,0,5,20,24,0,223,13.9,,,Byng-20
Mike Bossy,30,NYI,RW,63,38,37,75,-8,33,29,8,1,5,14,23,0,226,16.8,,,"ASnhl-7,Byng-7"
Bobby Smith,28,MTL,C,80,28,47,75,6,72,17,11,0,7,31,15,1,197,14.2,,,
Brent Ashton,26,2TM,LW,81,40,35,75,-15,39,22,15,3,4,17,17,1,185,21.6,,,ASnhl-7
Brent Ashton,26,QUE,LW,46,25,19,44,-12,17,11,12,2,1,10,8,1,98,25.5,,,
Brent Ashton,26,DET,LW,35,15,16,31,-3,22,11,3,1,3,7,9,0,87,17.2,,,
Paul MacLean,28,WIN,RW,72,32,42,74,12,75,22,10,0,6,34,8,0,155,20.6,,,
Tomas Sandström,22,NYR,RW,64,40,34,74,6,60,27,13,0,5,21,13,0,241,16.6,,,
Petri Skriko,24,VAN,LW,76,33,41,74,-4,44,17,10,6,4,31,9,1,224,14.7,,,Byng-13
Glenn Anderson,26,EDM,RW,80,35,38,73,27,65,27,7,1,5,32,6,0,189,18.5,,,ASnhl-9
Dave Andreychuk,23,BUF,RW,77,25,48,73,-1,44,12,13,0,2,31,17,0,254,9.8,,,
Russ Courtnall,21,TOR,C,79,29,44,73,-20,90,20,3,6,3,24,17,3,282,10.3,,,
Mike Gartner,27,WSH,RW,78,41,32,73,2,61,29,5,7,10,19,12,1,317,12.9,,,ASnhl-6
Bernie Federko,30,STL,C,64,20,52,72,-27,32,11,9,0,3,27,25,0,130,15.4,,,
Gerard Gallant,23,DET,LW,80,38,34,72,-4,216,21,17,0,4,23,11,0,191,19.9,,,ASnhl-4
Cam Neely,21,BOS,RW,75,36,36,72,22,143,29,7,0,3,26,10,0,206,17.5,,,
Peter Zezel,21,PHI,C,71,33,39,72,23,71,25,6,2,7,28,9,2,181,18.2,,,Selke-15
Troy Murray,24,CHI,C,77,28,43,71,16,59,22,4,2,3,32,10,1,128,21.9,,,Selke-8
Patrik Sundström,25,VAN,C,72,29,42,71,11,40,16,12,1,0,30,12,0,141,20.6,,,
Pat LaFontaine,21,NYI,C,80,38,32,70,-9,70,18,19,1,6,20,12,0,219,17.4,,,
Dave Poulin,28,PHI,C,75,25,45,70,47,53,21,1,3,5,32,5,8,155,16.1,,,Selke-1
Mike Ridley,23,2TM,C,78,31,39,70,-11,40,21,10,0,4,26,13,0,149,20.8,,,
Mike Ridley,23,NYR,C,38,16,20,36,-10,20,12,4,0,1,12,8,0,81,19.8,,,
Mike Ridley,23,WSH,C,40,15,19,34,-1,20,9,6,0,3,14,5,0,68,22.1,,,
Mark Hunter,24,STL,RW,74,36,33,69,-22,167,24,12,0,4,17,16,0,178,20.2,,,
Charlie Simmer,32,BOS,LW,80,29,40,69,20,59,18,11,0,4,30,10,0,138,21.0,,,ASnhl-10
Rick Middleton,33,BOS,RW,76,31,37,68,6,6,23,4,4,3,22,13,2,141,22.0,,,Byng-3
Paul Reinhart,27,CGY,D,76,15,53,68,5,22,8,7,0,2,31,22,0,119,12.6,,,"ASnhl-18,Byng-10"
Paul Coffey,25,EDM,D,59,17,50,67,13,49,5,10,2,3,27,22,1,165,10.3,,,"ASnhl-7,Norris-5"
Phil Housley,22,BUF,D,78,21,46,67,1,57,12,8,1,2,30,16,0,200,10.5,,,
John MacLean,22,NJD,RW,80,31,36,67,-23,120,22,9,0,4,23,13,0,197,15.7,,,
Brian Propp,27,PHI,LW,53,31,36,67,35,45,18,8,5,5,19,14,3,208,14.9,,,"ASnhl-8,Selke-21"
John Ogrodnick,27,2TM,LW,71,23,44,67,-13,10,16,6,1,2,25,19,0,246,9.3,,,
John Ogrodnick,27,DET,LW,39,12,28,40,-5,6,7,4,1,1,17,11,0,118,10.2,,,
John Ogrodnick,27,QUE,LW,32,11,16,27,-8,4,9,2,0,1,8,8,0,128,8.6,,,
Rick Vaive,27,TOR,RW,73,32,34,66,11,61,23,8,1,6,26,8,0,213,15.0,,,
Mike Bullard,25,2TM,C,71,30,36,66,7,51,19,11,0,3,26,10,0,180,16.7,,,
Mike Bullard,25,PIT,C,14,2,10,12,-1,17,1,1,0,0,6,4,0,42,4.8,,,
Mike Bullard,25,CGY,C,57,28,26,54,8,34,18,10,0,3,20,6,0,138,20.3,,,
Christian Ruuttu,22,BUF,C,76,22,43,65,10,62,18,3,1,1,31,11,1,168,13.1,,,Calder-6
Kelly Kisio,27,NYR,C,70,24,40,64,-6,73,18,4,2,1,28,11,1,136,17.6,,,
Greg Paslawski,25,STL,RW,76,29,35,64,1,27,23,5,1,7,28,7,0,204,14.2,,,
Pierre Larouche,31,NYR,RW,73,28,35,63,-9,12,20,8,0,3,24,11,0,193,14.5,,,
Doug Lidster,26,VAN,D,80,12,51,63,-32,40,9,3,0,0,18,30,3,176,6.8,,,ASnhl-24
Brian MacLellan,28,MNS,LW,76,32,31,63,-10,69,19,13,0,5,17,14,0,146,21.9,,,
Brent Sutter,24,NYI,C,69,27,36,63,23,73,18,6,3,8,25,10,1,177,15.3,,,Selke-13
Kent Nilsson,30,2TM,C,61,18,45,63,11,16,9,9,0,1,35,10,0,114,15.8,,,
Kent Nilsson,30,MNS,C,44,13,33,46,1,12,5,8,0,1,25,8,0,89,14.6,,,
Kent Nilsson,30,EDM,RW,17,5,12,17,10,4,4,1,0,0,10,2,0,25,20.0,,,
Anton Šťastný,27,QUE,RW,77,27,35,62,4,8,21,6,0,5,24,11,0,178,15.2,,,
Dave Taylor,31,LAK,RW,67,18,44,62,0,84,8,9,1,3,28,15,1,115,15.7,,,
Steve Thomas,23,TOR,LW,78,35,27,62,0,114,32,3,0,7,23,4,0,245,14.3,,,
Jim Fox,26,LAK,RW,76,19,42,61,-9,48,15,4,0,2,29,12,1,162,11.7,,,
Craig Hartsburg,27,MNS,D,73,11,50,61,-2,93,7,4,0,1,17,33,0,189,5.8,,,"ASnhl-18,Norris-12"
Wayne Presley,21,CHI,RW,80,32,29,61,-16,114,25,7,0,4,20,9,0,167,19.2,,,
Scott Stevens,22,WSH,D,77,10,51,61,15,283,8,2,0,0,31,19,1,163,6.1,,,"ASnhl-10,Norris-6"
Wendel Clark,20,TOR,LW,80,37,23,60,-24,271,22,15,0,1,16,7,0,246,15.0,,,ASnhl-10
Dean Evason,22,HAR,C,80,22,37,59,4,67,13,7,2,2,30,5,2,123,17.9,,,
Ray Ferraro,22,HAR,C,80,27,32,59,-9,42,13,14,0,2,15,17,0,96,28.1,,,
Mike Foligno,28,BUF,RW,75,30,29,59,13,176,18,11,1,5,18,10,1,185,16.2,,,
Tom McCarthy,26,BOS,LW,68,30,29,59,9,31,23,7,0,6,11,18,0,121,24.8,,,
Al Secord,28,CHI,LW,77,29,30,59,-17,196,24,5,0,3,26,4,0,177,16.4,,,
Pat Verbeek,22,NJD,RW,74,35,24,59,-23,120,18,17,0,5,17,7,0,144,24.3,,,
Mark Howe,31,PHI,D,69,15,43,58,57,37,9,2,4,0,21,19,3,150,10.0,,,"ASnhl-2,Byng-5,Hart-7,Norris-2"
Darren Veitch,26,DET,D,77,13,45,58,13,52,5,7,1,2,26,19,0,164,7.9,,,ASnhl-12
Mikko Mäkelä,21,NYI,LW,80,24,33,57,2,24,13,11,0,3,24,9,0,142,16.9,,,
Don Maloney,28,NYR,LW,72,19,38,57,7,117,13,3,3,0,34,3,1,128,14.8,,,
Carey Wilson,24,CGY,C,80,20,36,56,0,42,16,3,1,2,30,5,1,140,14.3,,,
Pelle Eklund,23,PHI,C,72,14,41,55,-1,2,9,5,0,0,23,18,0,127,11.0,,,Byng-9
James Patrick,23,NYR,D,78,10,45,55,13,62,5,5,0,0,26,15,4,145,6.9,,,"ASnhl-16,Norris-12"
Dirk Graham,27,MNS,RW,76,25,29,54,-5,142,14,6,5,2,21,8,0,197,12.7,,,
Paul Lawless,22,HAR,LW,60,22,32,54,26,14,18,4,0,2,29,3,0,161,13.7,,,"Byng-22,Selke-21"
Brian Bellows,22,MNS,RW,65,26,27,53,-12,34,17,8,1,2,11,15,1,200,13.0,,,
Neal Broten,27,MNS,C,46,18,35,53,12,33,12,5,1,4,19,16,0,112,16.1,,,
Randy Cunneyworth,25,PIT,LW,79,26,27,53,15,144,21,3,2,5,23,2,2,171,15.2,,,
Petr Klíma,22,DET,LW,77,30,23,53,-8,42,24,6,0,5,15,8,0,210,14.3,,,
Claude Lemieux,21,MTL,RW,76,27,26,53,1,156,22,5,0,2,19,7,0,184,14.7,,,Selke-21
Doug Sulliman,27,NJD,RW,78,27,26,53,-17,14,22,4,1,4,20,5,1,148,18.2,,,Byng-13
Keith Crowder,28,BOS,RW,58,22,30,52,19,106,18,4,0,5,26,4,0,114,19.3,,,Selke-21
Gaétan Duchesne,24,WSH,LW,74,17,35,52,18,53,16,0,1,4,33,0,2,108,15.7,,,Selke-17
Craig Laughlin,29,WSH,RW,80,22,30,52,-5,67,11,11,0,5,21,9,0,109,20.2,,,
Gary Leeman,22,TOR,RW,80,21,31,52,-25,66,14,4,3,2,13,15,3,196,10.7,,,
Patrick Flatley,23,NYI,RW,63,16,35,51,17,81,10,6,0,4,26,7,2,113,14.2,,,
Mark Johnson,29,NJD,LW,68,25,26,51,-21,22,12,11,2,0,6,19,1,193,13.0,,,
Mike Krushelnyski,26,EDM,LW,80,16,35,51,24,67,11,4,1,2,31,2,2,88,18.2,,,
Brian Mullen,24,WIN,LW,69,19,32,51,-4,20,12,7,0,4,24,8,0,185,10.3,,,
Eddie Olczyk,20,CHI,C,79,16,35,51,-3,119,13,2,1,2,29,6,0,181,8.8,,,
Terry Ruskowski,32,PIT,LW,70,14,37,51,8,145,9,5,0,2,20,17,0,71,19.7,,,
Craig Simpson,19,PIT,RW,72,26,25,51,8,57,19,7,0,3,21,4,0,133,19.5,,,
John Tonelli,29,CGY,LW,78,20,31,51,-2,72,10,10,0,3,24,7,0,152,13.2,,,
John Tucker,22,BUF,C,54,17,34,51,-4,21,13,4,0,0,22,12,0,104,16.3,,,
Tony McKegney,28,2TM,LW,75,31,20,51,5,72,22,7,2,6,17,3,0,181,17.1,,,
Tony McKegney,28,MNS,LW,11,2,3,5,2,16,2,0,0,0,3,0,0,15,13.3,,,
Tony McKegney,28,NYR,LW,64,29,17,46,3,56,20,7,2,6,14,3,0,166,17.5,,,
Dave Christian,27,WSH,C,76,23,27,50,-6,8,18,5,0,2,15,11,1,150,15.3,,,Byng-20
Bryan Erickson,26,LAK,RW,68,20,30,50,-12,26,12,6,2,4,17,13,0,142,14.1,,,
Curt Fraser,29,CHI,LW,75,25,25,50,7,182,22,3,0,2,23,2,0,182,13.7,,,
Bobby Gould,29,WSH,RW,78,23,27,50,21,74,21,1,1,2,27,0,0,157,14.6,,,Selke-3
Steve Kasper,25,BOS,C,79,20,30,50,-6,51,14,4,2,2,25,2,3,110,18.2,,,Selke-4
Joel Otto,25,CGY,C,68,19,31,50,5,185,14,5,0,1,19,12,0,127,15.0,,,
Jim Peplinski,26,CGY,LW,80,18,32,50,15,181,16,0,2,3,31,0,1,144,12.5,,,Selke-21
Larry Robinson,35,MTL,D,70,13,37,50,24,44,7,6,0,3,19,18,0,122,10.7,,,"ASnhl-5,Norris-4"
Thomas Steen,26,WIN,C,75,17,33,50,8,59,11,3,3,1,22,10,1,143,11.9,,,
Brian Benning,20,STL,D,78,13,36,49,0,110,6,7,0,2,19,16,1,144,9.0,,,"AR-1,Calder-4"
Doug Bodger,20,PIT,D,76,11,38,49,4,52,6,5,0,1,21,16,1,176,6.3,,,
Murray Craven,22,PHI,LW,77,19,30,49,1,38,11,5,3,2,19,11,0,100,19.0,,,
Tom Fergus,24,TOR,C,57,21,28,49,4,57,18,2,1,2,20,8,0,119,17.6,,,
Ken Linseman,28,BOS,C,64,15,34,49,15,126,12,3,0,3,30,4,0,94,16.0,,,
Rick Tocchet,22,PHI,RW,69,21,28,49,17,288,19,1,1,5,26,2,0,147,14.3,,,
Gilles Hamel,26,WIN,LW,79,27,21,48,4,24,25,1,1,4,20,0,1,175,15.4,,,
Gary Suter,22,CGY,D,68,9,39,48,-10,70,5,4,0,0,18,21,0,152,5.9,,,
Doug Wilson,29,CHI,D,69,16,32,48,15,36,8,7,1,1,19,13,0,247,6.5,,,"ASnhl-14,Byng-22,Norris-12"
Greg Adams,23,NJD,C,72,20,27,47,-16,19,14,6,0,1,17,10,0,140,14.3,,,
Shawn Burr,20,DET,C,80,22,25,47,3,107,19,1,2,1,23,2,0,153,14.4,,,"Calder-6,Selke-5"
Adam Oates,24,DET,C,76,15,32,47,-1,21,11,4,0,1,24,7,1,138,10.9,,,
Mark Osborne,25,2TM,LW,74,22,25,47,-15,113,16,6,0,2,17,8,0,160,13.8,,,
Mark Osborne,25,NYR,LW,58,17,15,32,-14,101,12,5,0,2,10,5,0,129,13.2,,,
Mark Osborne,25,TOR,RW,16,5,10,15,-1,12,4,1,0,0,7,3,0,31,16.1,,,
Vincent Damphousse,19,TOR,C,80,21,25,46,-8,24,17,4,0,1,25,0,0,142,14.8,,,
Dennis Maruk,31,MNS,C,67,16,30,46,4,52,12,4,0,0,22,7,1,144,11.1,,,
Ryan Walter,28,MTL,LW,76,23,23,46,-4,34,12,11,0,3,19,4,0,117,19.7,,,
Keith Acton,28,MNS,C,78,16,29,45,-15,56,14,1,1,3,23,5,1,126,12.7,,,
Guy Carbonneau,26,MTL,C,79,18,27,45,9,68,18,0,0,2,24,1,2,121,14.9,,,Selke-2
Gaston Gingras,27,MTL,D,66,11,34,45,-2,21,4,7,0,2,14,20,0,174,6.3,,,
Greg Adams,26,WSH,LW,66,14,30,44,7,184,12,2,0,0,24,6,0,92,15.2,,,
Gino Cavallini,24,STL,LW,80,18,26,44,5,54,14,4,0,2,23,3,0,159,11.3,,,
Chris Chelios,25,MTL,D,71,11,33,44,-5,124,5,6,0,2,16,17,0,141,7.8,,,
Dave Ellett,22,WIN,D,78,13,31,44,19,53,8,5,0,2,22,9,0,159,8.2,,,ASnhl-22
Brian Lawton,21,MNS,LW,66,21,23,44,20,86,19,2,0,2,21,2,0,125,16.8,,,
Håkan Loob,26,CGY,RW,68,18,26,44,-13,26,11,7,0,1,18,8,0,129,14.0,,,
Mario Marois,29,WIN,D,79,4,40,44,0,106,3,1,0,0,26,14,0,193,2.1,,,"ASnhl-10,Norris-8"
Bob Murray,32,CHI,D,79,6,38,44,-11,80,2,4,0,1,18,20,0,177,3.4,,,
Thomas Gradin,30,BOS,C,64,12,31,43,5,18,7,2,3,3,25,4,2,87,13.8,,,
Michal Pivoňka,21,WSH,C,73,18,25,43,-19,39,14,4,0,2,13,12,0,117,15.4,,,
Doug Smail,29,WIN,LW,78,25,18,43,20,36,23,0,2,4,17,1,0,131,19.1,,,Selke-19
Stan Smyl,29,VAN,RW,66,20,23,43,-20,84,13,5,2,2,13,10,0,120,16.7,,,
Mel Bridgman,31,2TM,C,64,10,33,43,-7,99,7,1,2,2,27,6,0,86,11.6,,,
Mel Bridgman,31,NJD,LW,51,8,31,39,-8,80,6,1,1,1,25,6,0,73,11.0,,,
Mel Bridgman,31,DET,C,13,2,2,4,1,19,1,0,1,1,2,0,0,13,15.4,,,
Randy Carlyle,30,WIN,D,71,16,26,42,-8,93,11,5,0,4,16,10,0,172,9.3,,,
Denis Potvin,33,NYI,D,58,12,30,42,-6,70,4,8,0,1,14,16,0,147,8.2,,,ASnhl-24
Rich Sutter,23,VAN,RW,74,20,22,42,-17,113,17,3,0,2,18,3,1,166,12.0,,,
Kelly Miller,23,2TM,LW,77,16,26,42,6,48,10,5,1,1,21,5,0,108,14.8,,,Selke-32
Kelly Miller,23,NYR,LW,38,6,14,20,-4,22,4,2,0,1,11,3,0,58,10.3,,,
Kelly Miller,23,WSH,LW,39,10,12,22,10,26,6,3,1,0,10,2,0,50,20.0,,,
Dave Babych,25,HAR,D,66,8,33,41,-17,44,1,7,0,1,14,19,0,157,5.1,,,
Laurie Boschman,26,WIN,C,80,17,24,41,-18,152,15,1,1,2,20,4,0,161,10.6,,,
Stew Gavin,26,HAR,RW,79,20,21,41,9,28,15,3,2,4,16,4,1,162,12.3,,,Selke-32
Alan Haworth,26,WSH,C,50,25,16,41,3,43,16,9,0,2,13,3,0,143,17.5,,,
Ron Wilson,31,MNS,D,65,12,29,41,-8,36,6,6,0,2,13,16,0,138,8.7,,,
Adam Creighton,21,BUF,C,56,18,22,40,5,26,12,6,0,3,15,7,0,109,16.5,,,
Doug Crossman,26,PHI,D,78,9,31,40,18,29,2,7,0,1,21,10,0,122,7.4,,,
Ron Greschner,32,NYR,D,60,6,34,40,-7,62,4,1,1,1,17,17,0,109,5.5,,,
Claude Loiselle,23,NJD,LW,75,16,24,40,-7,137,13,2,1,3,21,2,1,145,11.0,,,
Jamie Macoun,25,CGY,D,79,7,33,40,32,111,6,1,0,0,26,6,1,137,5.1,,,ASnhl-16
Moe Mantha,26,PIT,D,62,9,31,40,-5,44,1,8,0,0,11,20,0,167,5.4,,,
Doug Smith,23,BUF,C,62,16,24,40,-19,106,9,7,0,2,7,17,0,158,10.1,,,
Paul Gillis,23,QUE,C,76,13,26,39,-4,267,13,0,0,3,25,0,1,118,11.0,,,Selke-32
Dale Hunter,26,QUE,C,46,10,29,39,5,135,10,0,0,0,24,4,1,53,18.9,,,
Peter Ihnačák,29,TOR,C,58,12,27,39,4,16,8,4,0,1,21,5,1,98,12.2,,,
Craig MacTavish,28,EDM,C,79,20,19,39,9,55,15,1,4,2,14,1,4,139,14.4,,,Selke-21
Brad McCrimmon,27,PHI,D,71,10,29,39,45,52,5,3,2,4,16,11,2,110,9.1,,,ASnhl-22
Mike McPhee,26,MTL,LW,79,18,21,39,6,58,16,0,2,2,19,1,1,150,12.0,,,Selke-21
Rick Meagher,33,STL,C,80,18,21,39,-6,54,14,2,2,1,19,2,0,170,10.6,,,Selke-19
Rob Ramage,28,STL,D,59,11,28,39,-16,108,5,6,0,3,12,15,1,161,6.8,,,ASnhl-20
Mike Ramsey,26,BUF,D,80,8,31,39,0,109,5,2,1,0,21,10,0,156,5.1,,,"ASnhl-13,Norris-12"
Stéphane Richer,20,MTL,RW,57,20,19,39,11,80,16,4,0,3,14,5,0,109,18.3,,,
Risto Siltanen,28,QUE,D,66,10,29,39,-2,32,2,8,0,1,7,22,0,129,7.8,,,
Ron Duguay,29,2TM,C,74,14,25,39,-17,39,11,2,1,0,15,10,0,121,11.6,,,
Ron Duguay,29,PIT,RW,40,5,13,18,-7,30,5,0,0,0,9,4,0,55,9.1,,,
Ron Duguay,29,NYR,C,34,9,12,21,-10,9,6,2,1,0,6,6,0,66,13.6,,,
Steve Duchesne,21,LAK,D,75,13,25,38,9,74,8,5,0,2,16,8,1,113,11.5,,,AR-1
Grant Ledyard,25,LAK,D,67,14,23,37,-39,93,9,5,0,1,7,15,1,144,9.7,,,
Kevin Lowe,27,EDM,D,77,8,29,37,42,94,4,2,2,1,26,1,2,97,8.2,,,ASnhl-14
Wilf Paiement,31,BUF,RW,56,20,17,37,3,108,18,2,0,3,14,3,0,117,17.1,,,
John Chabot,24,PIT,C,72,14,22,36,-6,8,14,0,0,1,20,1,1,90,15.6,,,
Alain Côté,29,QUE,RW,80,12,24,36,-3,38,10,0,2,1,23,0,1,131,9.2,,,
Geoff Courtnall,24,BOS,LW,65,13,23,36,-4,117,11,2,0,1,16,7,0,178,7.3,,,
Reed Larson,30,BOS,D,66,12,24,36,12,95,3,9,0,1,12,12,0,209,5.7,,,
Ray Neufeld,27,WIN,RW,80,18,18,36,-13,105,13,5,0,2,17,1,0,134,13.4,,,
Fredrik Olausson,20,WIN,D,72,7,29,36,-4,26,6,1,0,2,17,11,1,119,5.9,,,ASnhl-24
Jim Sandlak,20,VAN,RW,78,15,21,36,-6,66,13,2,0,3,16,5,0,114,13.2,,,AR-1
Steve Tambellini,28,VAN,C,72,16,20,36,-22,14,7,9,0,0,4,16,0,162,9.9,,,
Sylvain Turgeon,22,HAR,LW,41,23,13,36,-3,45,17,6,0,4,5,8,0,137,16.8,,,
Jay Wells,27,LAK,D,77,7,29,36,-22,155,1,6,0,2,12,17,0,115,6.1,,,
Bob Brooke,26,2TM,C,80,13,23,36,-9,98,11,1,1,0,13,7,3,138,9.4,,,
Bob Brooke,26,NYR,RW,15,3,5,8,-3,20,3,0,0,0,1,3,1,24,12.5,,,
Bob Brooke,26,MNS,C,65,10,18,28,-6,78,8,1,1,0,12,4,2,114,8.8,,,
Steve Bozek,26,CGY,LW,71,17,18,35,4,22,13,2,2,4,17,1,0,137,12.4,,,
Ron Flockhart,26,STL,LW,60,16,19,35,-8,12,14,2,0,2,18,1,0,103,15.5,,,
Morris Lukowich,30,LAK,LW,60,14,21,35,-1,64,10,4,0,2,9,12,0,105,13.3,,,
Bruce Driver,24,NJD,D,74,6,28,34,-25,36,6,0,0,0,15,12,1,134,4.5,,,
Bob Errey,22,PIT,LW,72,16,18,34,-4,46,13,2,1,1,16,2,0,138,11.6,,,
Tiger Williams,32,LAK,LW,76,16,18,34,-2,358,15,1,0,3,16,2,0,118,13.6,,,
Sean McKenna,24,LAK,RW,69,14,19,33,11,10,13,0,1,0,18,0,1,102,13.7,,,
Ulf Samuelsson,22,HAR,D,78,2,31,33,29,162,2,0,0,0,24,7,0,104,1.9,,,"ASnhl-6,Norris-10"
Mike Eagles,23,QUE,LW,73,13,19,32,-13,55,11,0,2,2,19,0,0,95,13.7,,,
Andrew McBain,22,WIN,RW,71,11,21,32,8,106,9,1,1,0,18,2,1,85,12.9,,,
Scott Mellanby,20,PHI,RW,71,11,21,32,7,94,10,1,0,0,17,3,1,118,9.3,,,
Ilkka Sinisalo,28,PHI,LW,42,10,22,32,14,8,6,3,1,1,12,8,2,80,12.5,,,
Derrick Smith,22,PHI,LW,71,11,21,32,-5,34,11,0,0,0,20,0,1,150,7.3,,,
Bill Watson,22,CHI,RW,51,13,19,32,18,6,13,0,0,0,15,4,0,107,12.1,,,
Dave Barr,26,3TM,RW,69,15,17,32,7,68,10,4,1,5,13,4,0,83,18.1,,,
Dave Barr,26,STL,RW,2,0,0,0,1,0,0,0,0,0,0,0,0,3,0.0,,,
Dave Barr,26,HAR,RW,30,2,4,6,-1,19,1,0,1,0,4,0,0,25,8.0,,,
Dave Barr,26,DET,RW,37,13,13,26,7,49,9,4,0,5,9,4,0,55,23.6,,,
Joe Cirella,23,NJD,D,65,9,22,31,-21,111,3,6,0,0,10,12,0,115,7.8,,,
Todd Gill,21,TOR,D,61,4,27,31,-3,92,3,1,0,0,22,5,0,51,7.8,,,
Tomas Jonsson,26,NYI,D,47,6,25,31,-7,36,4,1,1,0,9,16,0,99,6.1,,,
Sergio Momesso,21,MTL,LW,59,14,17,31,1,96,11,3,0,4,16,1,0,95,14.7,,,
Mike O'Connell,31,DET,D,77,5,26,31,-24,70,1,3,1,0,12,14,0,140,3.6,,,ASnhl-20
Duane Sutter,26,NYI,RW,80,14,17,31,0,169,13,1,0,1,16,1,0,152,9.2,,,
Dave Tippett,25,HAR,LW,80,9,22,31,-2,42,6,0,3,2,19,0,3,120,7.5,,,Selke-13
Mark Napier,30,2TM,RW,77,13,18,31,-3,2,11,1,1,0,13,5,0,127,10.2,,,
Mark Napier,30,EDM,RW,62,8,13,21,2,2,7,0,1,0,12,1,0,87,9.2,,,
Mark Napier,30,BUF,RW,15,5,5,10,-5,0,4,1,0,0,1,4,0,40,12.5,,,
Mark Hardy,27,LAK,D,73,3,27,30,16,120,3,0,0,0,20,6,1,97,3.1,,,
Willie Huber,29,NYR,D,66,8,22,30,-13,68,4,3,1,0,14,6,2,117,6.8,,,
Al Iafrate,20,TOR,D,80,9,21,30,-20,55,9,0,0,3,14,5,2,133,6.8,,,
Jim Johnson,24,PIT,D,80,5,25,30,-7,116,5,0,0,1,20,5,0,88,5.7,,,
Jeff Brown,20,QUE,D,44,7,22,29,11,16,4,3,0,0,7,15,0,99,7.1,,,
Richard Kromm,22,NYI,LW,70,12,17,29,2,20,12,0,0,0,14,2,1,109,11.0,,,
Ken Leiter,25,NYI,D,74,9,20,29,2,30,5,4,0,0,7,13,0,160,5.6,,,
Craig Muni,24,EDM,D,79,7,22,29,50,85,7,0,0,2,20,2,0,69,10.1,,,
Moe Lemay,24,2TM,LW,62,10,19,29,1,164,8,2,0,0,15,4,0,94,10.6,,,
Moe Lemay,24,VAN,LW,52,9,17,26,-1,128,7,2,0,0,13,4,0,87,10.3,,,
Moe Lemay,24,EDM,LW,10,1,2,3,2,36,1,0,0,0,2,0,0,7,14.3,,,
Brian Bradley,22,CGY,C,40,10,18,28,8,16,8,2,0,2,11,7,0,64,15.6,,,
Dan Frawley,24,PIT,RW,78,14,14,28,-9,218,14,0,0,1,12,2,0,108,13.0,,,
Jason Lafreniere,20,QUE,C,56,13,15,28,-4,8,6,7,0,1,7,8,0,55,23.6,,,
Kevin LaVallee,25,PIT,LW,33,8,20,28,-2,4,3,5,0,0,8,12,0,80,10.0,,,
Dana Murzyn,20,HAR,D,74,9,19,28,16,95,8,1,0,0,18,1,0,135,6.7,,,ASnhl-24
Ric Nattress,24,STL,D,73,6,22,28,-32,24,4,2,0,0,7,14,1,135,4.4,,,
Robert Picard,29,QUE,D,78,8,20,28,-16,71,6,1,1,3,14,6,0,164,4.9,,,
Brian Skrudland,23,MTL,C,79,11,17,28,18,107,10,0,1,0,17,0,0,72,15.3,,,Selke-21
Ron Sutter,23,PHI,C,39,10,18,28,10,69,10,0,0,0,16,0,2,68,14.7,,,Selke-21
Doug Wickenheiser,25,STL,LW,80,13,15,28,-22,37,6,5,2,1,10,5,0,131,9.9,,,
Rick Lanz,25,2TM,D,61,3,25,28,-7,42,1,2,0,0,11,14,0,130,2.3,,,
Rick Lanz,25,VAN,D,17,1,6,7,-12,10,0,1,0,0,2,4,0,39,2.6,,,
Rick Lanz,25,TOR,D,44,2,19,21,5,32,1,1,0,0,9,10,0,91,2.2,,,
Keith Brown,26,CHI,D,73,4,23,27,5,86,2,2,0,0,18,4,1,99,4.0,,,
Paul Cyr,23,BUF,LW,73,11,16,27,-15,122,11,0,0,1,15,0,1,131,8.4,,,
Clark Gillies,32,BUF,LW,61,10,17,27,0,83,9,1,0,2,16,1,0,106,9.4,,,
Greg Johnston,22,BOS,RW,76,12,15,27,-6,79,12,0,0,1,13,1,1,132,9.1,,,
Rod Langway,29,WSH,D,78,2,25,27,11,53,2,0,0,1,21,4,0,79,2.5,,,"ASnhl-9,Norris-11"
Lee Norwood,26,DET,D,57,6,21,27,-24,163,2,4,0,2,10,9,2,101,5.9,,,
Gary Nylund,23,CHI,D,80,7,20,27,-7,190,5,2,0,0,18,2,0,123,5.7,,,
Garry Galley,23,2TM,D,48,6,21,27,-6,67,3,3,0,1,11,10,0,72,8.3,,,
Garry Galley,23,LAK,D,30,5,11,16,-9,57,3,2,0,1,8,3,0,43,11.6,,,
Garry Galley,23,WSH,D,18,1,10,11,3,10,0,1,0,0,3,7,0,29,3.4,,,
Bobby Carpenter,23,3TM,C,60,9,18,27,-26,47,4,5,0,0,12,5,1,113,8.0,,,
Bobby Carpenter,23,WSH,C,22,5,7,12,-7,21,1,4,0,0,4,3,0,47,10.6,,,
Bobby Carpenter,23,NYR,C,28,2,8,10,-11,20,1,1,0,0,5,2,1,43,4.7,,,
Bobby Carpenter,23,LAK,C,10,2,3,5,-8,6,2,0,0,0,3,0,0,23,8.7,,,
Lindsay Carson,26,PHI,LW,71,11,15,26,0,141,10,0,1,2,15,0,0,100,11.0,,,
Jan Erixon,24,NYR,RW,68,8,18,26,0,24,7,0,1,1,17,1,0,73,11.0,,,Selke-7
Tim Higgins,28,DET,RW,77,12,14,26,1,124,11,0,1,1,13,0,1,110,10.9,,,Selke-21
Lanny McDonald,33,CGY,RW,58,14,12,26,-3,54,10,4,0,3,9,3,0,129,10.9,,,
Colin Patterson,26,CGY,RW,68,13,13,26,6,41,12,0,1,3,13,0,0,78,16.7,,,Selke-12
Scott Arniel,24,BUF,LW,63,11,14,25,-1,59,11,0,0,3,13,1,0,90,12.2,,,
Dave Hannan,25,PIT,C,58,10,15,25,-3,56,9,0,1,2,15,0,0,85,11.8,,,
Kevin McClelland,24,EDM,C,72,12,13,25,-2,238,12,0,0,1,13,0,0,76,15.8,,,
Michel Petit,22,VAN,D,69,12,13,25,-8,131,8,4,0,1,7,5,1,116,10.3,,,
Mark Reeds,27,STL,RW,68,9,16,25,-20,16,8,1,0,0,13,2,1,106,8.5,,,
Cliff Ronning,21,STL,C,42,11,14,25,0,6,9,2,0,2,7,7,0,66,16.7,,,
Raimo Summanen,24,2TM,LW,58,14,11,25,-2,15,13,1,0,0,9,2,0,73,19.2,,,
Raimo Summanen,24,EDM,LW,48,10,7,17,-1,15,10,0,0,0,7,0,0,55,18.2,,,
Raimo Summanen,24,VAN,LW,10,4,4,8,-1,0,3,1,0,0,2,2,0,18,22.2,,,
Randy Boyd,25,NYI,D,30,7,17,24,0,37,3,3,1,0,6,11,0,69,10.1,,,
Randy Gregg,30,EDM,D,52,8,16,24,36,42,8,0,0,2,7,5,4,59,13.6,,,
Kevin Hatcher,20,WSH,D,78,8,16,24,-28,144,7,1,0,2,11,4,1,100,8.0,,,
Bob Probert,21,DET,LW,63,13,11,24,-7,221,11,2,0,0,8,3,0,55,23.6,,,
Mike Allison,25,TOR,LW,71,7,16,23,0,66,3,1,3,2,12,1,3,48,14.6,,,
Andy Brickley,25,NJD,C,51,11,12,23,-16,8,7,1,3,0,12,0,0,55,20.0,,,
Shayne Corson,20,MTL,C,55,12,11,23,9,144,11,0,1,3,10,1,0,69,17.4,,,
Tom Kurvers,24,2TM,D,56,6,17,23,-12,22,5,1,0,1,10,5,2,73,8.2,,,
Tom Kurvers,24,MTL,D,1,0,0,0,1,0,0,0,0,0,0,0,0,2,0.0,,,
Tom Kurvers,24,BUF,D,55,6,17,23,-13,22,5,1,0,1,10,5,2,71,8.5,,,
Mark LaVarre,21,CHI,RW,58,8,15,23,12,33,8,0,0,0,14,1,0,46,17.4,,,
Willy Lindström,35,PIT,RW,60,10,13,23,10,6,9,1,0,1,13,0,0,93,10.8,,,
Bob Bourne,32,LAK,C,78,13,9,22,-13,35,10,0,3,0,9,0,0,93,14.0,,,
J.J. Daigneault,21,PHI,D,77,6,16,22,13,56,6,0,0,1,11,5,0,82,7.3,,,
Dan Hodgson,21,VAN,C,43,9,13,22,-8,25,5,4,0,0,5,8,0,42,21.4,,,
Doug Jarvis,31,HAR,C,80,9,13,22,0,20,7,0,2,2,9,1,3,88,10.2,,,"Byng-13,Selke-8"
Mike Milbury,34,BOS,D,68,6,16,22,22,96,5,0,1,1,13,1,2,59,10.2,,,
Brent Peterson,28,VAN,C,69,7,15,22,-12,77,4,2,1,2,12,0,3,71,9.9,,,
Ville Sirén,22,PIT,D,69,5,17,22,8,50,4,1,0,0,10,6,1,84,6.0,,,
Steve Smith,23,EDM,D,62,7,15,22,8,165,5,2,0,1,12,3,0,73,9.6,,,
Petr Svoboda,20,MTL,D,70,5,17,22,14,63,4,1,0,1,12,5,0,79,6.3,,,
Tim Bothwell,31,2TM,D,76,6,16,22,-16,46,6,0,0,1,12,3,1,78,7.7,,,
Tim Bothwell,31,HAR,D,4,1,0,1,-5,0,1,0,0,0,0,0,0,3,33.3,,,
Tim Bothwell,31,STL,D,72,5,16,21,-11,46,5,0,0,1,12,3,1,75,6.7,,,
Curt Giles,28,2TM,D,72,2,20,22,7,54,2,0,0,0,18,2,0,57,3.5,,,
Curt Giles,28,MNS,D,11,0,3,3,2,4,0,0,0,0,3,0,0,5,0.0,,,
Curt Giles,28,NYR,D,61,2,17,19,5,50,2,0,0,0,15,2,0,52,3.8,,,
Lou Franceschetti,28,WSH,LW,75,12,9,21,-7,127,12,0,0,1,9,0,0,77,15.6,,,
Tim Hunter,26,CGY,RW,73,6,15,21,0,361,6,0,0,1,14,1,0,65,9.2,,,
Steve Konroyd,25,NYI,D,72,5,16,21,-3,70,2,3,0,0,11,4,1,119,4.2,,,
Brad Lauer,20,NYI,RW,61,7,14,21,1,65,6,1,0,1,13,1,0,75,9.3,,,
Phil Sykes,27,LAK,LW,58,6,15,21,9,133,5,0,1,0,15,0,0,62,9.7,,,
Warren Young,31,PIT,LW,50,8,13,21,-7,103,5,3,0,1,8,5,0,52,15.4,,,
Jeff Jackson,21,2TM,LW,64,13,8,21,-12,79,11,2,0,1,8,0,0,58,22.4,,,
Jeff Jackson,21,TOR,LW,55,8,7,15,-9,64,8,0,0,0,7,0,0,42,19.0,,,
Jeff Jackson,21,NYR,LW,9,5,1,6,-3,15,3,2,0,1,1,0,0,16,31.3,,,
Brad Maxwell,29,3TM,D,56,3,18,21,-7,65,2,1,0,1,10,8,0,88,3.4,,,
Brad Maxwell,29,VAN,D,30,1,7,8,-9,28,0,1,0,0,3,4,0,45,2.2,,,
Brad Maxwell,29,NYR,D,9,0,4,4,-1,6,0,0,0,0,2,2,0,10,0.0,,,
Brad Maxwell,29,MNS,D,17,2,7,9,3,31,2,0,0,1,5,2,0,33,6.1,,,
Garth Butcher,24,VAN,D,70,5,15,20,-10,207,5,0,0,0,14,1,0,97,5.2,,,
Anders Carlsson,26,NJD,C,48,2,18,20,-10,14,2,0,0,0,14,4,0,36,5.6,,,
Kjell Dahlin,23,MTL,RW,41,12,8,20,-3,0,8,3,1,0,6,2,0,53,22.6,,,
Uli Hiemer,24,NJD,D,40,6,14,20,-4,45,4,2,0,1,7,7,0,80,7.5,,,
Dean Kennedy,24,LAK,D,66,6,14,20,9,91,6,0,0,1,13,1,0,59,10.2,,,
Peter McNab,34,NJD,C,46,8,12,20,-14,8,6,2,0,2,11,1,0,49,16.3,,,
Chris Nilan,28,MTL,RW,44,4,16,20,2,266,4,0,0,1,15,1,0,68,5.9,,,
Lindy Ruff,26,BUF,LW,50,6,14,20,-14,74,5,0,1,1,10,4,0,95,6.3,,,
Börje Salming,35,TOR,D,56,4,16,20,17,42,3,0,1,1,13,3,0,71,5.6,,,
Michael Thelvén,26,BOS,D,34,5,15,20,-3,18,2,3,0,0,10,4,1,58,8.6,,,
Doug Shedden,25,2TM,RW,49,6,14,20,-3,14,5,1,0,1,11,3,0,80,7.5,,,
Doug Shedden,25,DET,RW,33,6,12,18,2,6,5,1,0,1,9,3,0,51,11.8,,,
Doug Shedden,25,QUE,RW,16,0,2,2,-5,8,0,0,0,0,2,0,0,29,0.0,,,
Paul Boutilier,23,2TM,D,62,7,13,20,-4,92,5,1,1,0,10,3,0,89,7.9,,,
Paul Boutilier,23,BOS,D,52,5,9,14,-4,84,3,1,1,0,7,2,0,68,7.4,,,
Paul Boutilier,23,MNS,D,10,2,4,6,0,8,2,0,0,0,3,1,0,21,9.5,,,
Perry Anderson,25,NJD,LW,57,10,9,19,-12,107,8,2,0,1,5,4,0,46,21.7,,,
Charlie Huddy,27,EDM,D,58,4,15,19,25,35,4,0,0,0,10,4,1,75,5.3,,,
Nevin Markwart,22,BOS,LW,64,10,9,19,-6,225,10,0,0,2,9,0,0,65,15.4,,,
David Shaw,22,QUE,D,75,0,19,19,-36,69,0,0,0,0,10,9,0,136,0.0,,,
Rod Buskas,26,PIT,D,68,3,15,18,2,123,2,1,0,0,12,3,0,91,3.3,,,
Dave Donnelly,24,CHI,C,71,6,12,18,-7,81,6,0,0,0,12,0,0,64,9.4,,,
Joe Kocur,22,DET,RW,77,9,9,18,-10,276,7,2,0,2,7,2,0,81,11.1,,,
Jocelyn Lemieux,19,STL,LW,53,10,8,18,2,94,9,1,0,1,8,0,0,48,20.8,,,
Dave Lowry,21,VAN,LW,70,8,10,18,-23,176,8,0,0,1,10,0,0,74,10.8,,,
Paul MacDermid,23,HAR,RW,72,7,11,18,4,202,7,0,0,1,11,0,0,73,9.6,,,
David Maley,23,MTL,C,48,6,12,18,-1,55,6,0,0,0,10,2,0,44,13.6,,,
Randy Velischek,24,NJD,D,64,2,16,18,-13,52,2,0,0,0,15,0,1,39,5.1,,,
Basil McRae,26,2TM,LW,69,11,7,18,-4,342,7,4,0,2,7,0,0,56,19.6,,,
Basil McRae,26,DET,LW,36,2,2,4,-3,193,1,1,0,1,2,0,0,20,10.0,,,
Basil McRae,26,QUE,LW,33,9,5,14,-1,149,6,3,0,1,5,0,0,36,25.0,,,
Bob Bassen,21,NYI,C,77,7,10,17,-17,89,7,0,0,1,9,0,1,59,11.9,,,
Alan Kerr,22,NYI,LW,72,7,10,17,-9,175,6,0,1,1,9,1,0,97,7.2,,,
Chris Kontos,23,PIT,LW,31,8,9,17,-8,6,7,1,0,1,8,1,0,38,21.1,,,
Steve Ludzik,25,CHI,LW,52,5,12,17,-4,34,5,0,0,1,11,0,1,56,8.9,,,
Rich Preston,34,CHI,RW,73,8,9,17,-8,19,8,0,0,1,9,0,0,55,14.5,,,
Ken Priestlay,19,BUF,C,34,11,6,17,3,8,8,3,0,0,3,3,0,49,22.4,,,
Dave Richter,26,VAN,D,78,2,15,17,-2,172,2,0,0,0,14,0,1,35,5.7,,,
Bill Derlago,28,2TM,C,48,6,11,17,-6,18,5,1,0,1,10,1,0,46,13.0,,,
Bill Derlago,28,WIN,C,30,3,6,9,-2,12,2,1,0,1,6,0,0,26,11.5,,,
Bill Derlago,28,QUE,C,18,3,5,8,-4,6,3,0,0,0,4,1,0,20,15.0,,,
Bruce Bell,21,STL,D,45,3,13,16,3,18,2,1,0,0,9,4,0,50,6.0,,,
David Bruce,22,VAN,RW,50,9,7,16,2,109,9,0,0,2,7,0,0,76,11.8,,,
Doug Evans,23,STL,LW,53,3,13,16,0,91,3,0,0,0,13,0,0,51,5.9,,,
Dwight Foster,29,BOS,C,47,4,12,16,2,37,3,0,1,0,10,0,2,23,17.4,,,
Bob Gainey,33,MTL,LW,47,8,8,16,0,19,7,0,1,3,8,0,0,73,11.0,,,Selke-21
David Jensen,21,WSH,C,46,8,8,16,-10,12,6,2,0,0,6,2,0,48,16.7,,,
Jan Ludvig,25,NJD,RW,47,7,9,16,-4,98,6,1,0,0,7,2,0,56,12.5,,,
Craig Ludwig,25,MTL,D,75,4,12,16,3,105,4,0,0,0,12,0,0,55,7.3,,,
Mike McEwen,30,HAR,D,48,8,8,16,-11,32,3,5,0,2,3,5,0,85,9.4,,,
Gilbert Perreault,36,BUF,C,20,9,7,16,-2,6,8,1,0,1,6,1,0,35,25.7,,,
Herb Raglan,19,STL,RW,62,6,10,16,9,159,6,0,0,0,10,0,0,58,10.3,,,
Tim Watters,27,WIN,D,63,3,13,16,4,119,3,0,0,0,11,0,2,44,6.8,,,
Ron Wilson,30,WIN,C,80,3,13,16,10,13,3,0,0,0,10,0,3,75,4.0,,,Selke-17
Terry Carkner,20,NYR,D,52,2,13,15,-1,118,2,0,0,0,11,2,0,33,6.1,,,
Larry DePalma,21,MNS,LW,56,9,6,15,-7,219,7,2,0,0,6,0,0,56,16.1,,,
Miroslav Fryčer,27,TOR,RW,29,7,8,15,-15,28,4,3,0,0,8,0,0,52,13.5,,,
Dave Hunter,29,EDM,LW,77,6,9,15,2,79,5,0,1,1,8,0,1,86,7.0,,,
Troy Loney,23,PIT,LW,23,8,7,15,0,22,7,1,0,1,6,1,0,48,16.7,,,
Larry Melnyk,26,NYR,D,73,3,12,15,-9,182,3,0,0,1,11,1,0,53,5.7,,,
Gary Roberts,20,CGY,LW,32,5,10,15,6,85,5,0,0,0,9,1,0,38,13.2,,,
Normand Rochefort,26,QUE,D,70,6,9,15,1,46,6,0,0,0,8,1,0,92,6.5,,,
Greg Terrion,26,TOR,LW,67,7,8,15,-5,6,5,0,2,0,5,0,3,55,12.7,,,
Kjell Samuelsson,28,2TM,D,76,3,12,15,-12,136,3,0,0,0,10,1,1,48,6.3,,,
Kjell Samuelsson,28,NYR,D,30,2,6,8,-1,50,2,0,0,0,5,1,0,20,10.0,,,
Kjell Samuelsson,28,PHI,D,46,1,6,7,-11,86,1,0,0,0,5,0,1,28,3.6,,,
Marc Bergevin,21,CHI,D,66,4,10,14,4,66,4,0,0,0,10,0,0,55,7.3,,,
Charlie Bourgeois,27,STL,D,66,2,12,14,14,164,2,0,0,1,11,1,0,53,3.8,,,
Ken Daneyko,22,NJD,D,79,2,12,14,-15,183,2,0,0,0,9,3,0,112,1.8,,,
Gord Dineen,24,NYI,D,71,4,10,14,-7,110,4,0,0,0,10,0,0,59,6.8,,,
Mike Hough,23,QUE,LW,56,6,8,14,-8,79,4,1,1,0,8,0,0,60,10.0,,,
Jim Korn,29,BUF,D,52,4,10,14,-3,158,4,0,0,0,10,0,0,35,11.4,,,
Randy Moller,23,QUE,D,71,5,9,14,-11,144,4,1,0,1,9,0,0,106,4.7,,,
Jack O'Callahan,29,CHI,D,48,1,13,14,14,59,0,1,0,0,13,0,0,66,1.5,,,
Harold Snepsts,32,DET,D,54,1,13,14,7,129,1,0,0,0,13,0,0,38,2.6,,,
Darryl Sutter,28,CHI,LW,44,8,6,14,-4,16,7,1,0,0,6,0,0,62,12.9,,,
Tom Laidlaw,28,2TM,D,74,1,13,14,-14,69,0,1,0,1,11,0,2,42,2.4,,,
Tom Laidlaw,28,NYR,D,63,1,10,11,-15,65,0,1,0,1,8,0,2,35,2.9,,,
Tom Laidlaw,28,LAK,D,11,0,3,3,1,4,0,0,0,0,3,0,0,7,0.0,,,
Lane Lambert,22,2TM,RW,33,7,7,14,0,51,7,0,0,1,7,0,0,43,16.3,,,
Lane Lambert,22,NYR,RW,18,2,2,4,2,33,2,0,0,1,2,0,0,14,14.3,,,
Lane Lambert,22,QUE,RW,15,5,5,10,-2,18,5,0,0,0,5,0,0,29,17.2,,,
Randy Ladouceur,26,2TM,D,70,5,9,14,2,121,4,1,0,1,8,1,0,54,9.3,,,
Randy Ladouceur,26,DET,D,34,3,6,9,-3,70,2,1,0,1,5,1,0,25,12.0,,,
Randy Ladouceur,26,HAR,D,36,2,3,5,5,51,2,0,0,0,3,0,0,29,6.9,,,
Shawn Anderson,18,BUF,D,41,2,11,13,3,23,2,0,0,0,7,4,0,26,7.7,,,
Jim Benning,23,2TM,D,59,2,11,13,9,44,2,0,0,1,8,3,0,62,3.2,,,
Jim Benning,23,TOR,D,5,0,0,0,0,4,0,0,0,0,0,0,0,3,0.0,,,
Jim Benning,23,VAN,D,54,2,11,13,9,40,2,0,0,1,8,3,0,59,3.4,,,
Scott Bjugstad,25,MNS,LW,39,4,9,13,-7,43,4,0,0,0,3,6,0,58,6.9,,,
Dale DeGray,23,CGY,D,27,6,7,13,-3,29,6,0,0,1,6,1,0,57,10.5,,,
Greg Gilbert,25,NYI,LW,51,6,7,13,-12,26,6,0,0,0,6,1,0,50,12.0,,,
Chris Jensen,23,NYR,C,36,6,7,13,-1,21,5,0,1,2,7,0,0,70,8.6,,,
Gordie Roberts,29,MNS,D,67,3,10,13,-4,68,3,0,0,1,9,0,1,43,7.0,,,
Reijo Ruotsalainen,26,EDM,D,16,5,8,13,8,6,2,3,0,1,6,2,0,52,9.6,,,
Randy Hillier,26,PIT,D,55,4,8,12,12,97,4,0,0,0,7,0,1,51,7.8,,,
Scot Kleinendorst,27,HAR,D,66,3,9,12,5,130,3,0,0,0,8,0,1,50,6.0,,,
Chris Kotsopoulos,28,TOR,D,43,2,10,12,7,75,2,0,0,0,8,2,0,43,4.7,,,
Allen Pedersen,22,BOS,D,79,1,11,12,-15,71,1,0,0,0,10,0,1,56,1.8,,,
Bob Rouse,22,MNS,D,72,2,10,12,6,179,2,0,0,0,10,0,0,71,2.8,,,
Dave Semenko,29,2TM,LW,56,4,8,12,-7,87,4,0,0,0,7,1,0,33,12.1,,,
Dave Semenko,29,EDM,LW,5,0,0,0,0,0,0,0,0,0,0,0,0,1,0.0,,,
Dave Semenko,29,HAR,LW,51,4,8,12,-7,87,4,0,0,0,7,1,0,32,12.5,,,
Brad Smith,28,TOR,RW,47,5,7,12,14,174,5,0,0,2,7,0,0,45,11.1,,,
Jeff Beukeboom,21,EDM,D,44,3,8,11,8,124,2,1,0,1,8,0,0,24,12.5,,,
Lucien DeBlois,29,NYR,RW,40,3,8,11,-8,27,2,1,0,0,7,0,1,45,6.7,,,
Miroslav Ihnačák,24,TOR,RW,34,6,5,11,3,12,6,0,0,0,5,0,0,65,9.2,,,
Normand Lacombe,22,2TM,RW,40,4,7,11,-11,10,3,1,0,0,7,0,0,48,8.3,,,
Normand Lacombe,22,BUF,RW,39,4,7,11,-10,8,3,1,0,0,7,0,0,48,8.3,,,
Normand Lacombe,22,EDM,RW,1,0,0,0,-1,2,0,0,0,0,0,0,0,0,,,,
Brad Marsh,28,PHI,D,77,2,9,11,8,124,2,0,0,1,9,0,0,79,2.5,,,
Ken Morrow,30,NYI,D,64,3,8,11,6,32,3,0,0,0,8,0,0,52,5.8,,,
František Musil,22,MNS,D,72,2,9,11,0,148,2,0,0,0,9,0,0,83,2.4,,,
Jim Pavese,24,STL,D,69,2,9,11,-23,127,2,0,0,0,9,0,0,45,4.4,,,
Willi Plett,31,MNS,RW,67,6,5,11,0,261,6,0,0,1,5,0,0,50,12.0,,,
Ric Seiling,29,DET,RW,74,3,8,11,-5,49,3,0,0,0,8,0,0,35,8.6,,,
Ken Yaremchuk,23,TOR,RW,20,3,8,11,-1,16,3,0,0,0,7,1,0,33,9.1,,,
Brad Berry,21,WIN,D,52,2,8,10,6,60,2,0,0,0,8,0,0,40,5.0,,,
John Blum,27,WSH,D,66,2,8,10,1,133,2,0,0,0,8,0,0,33,6.1,,,
Dave Brown,24,PHI,RW,62,7,3,10,-7,274,7,0,0,0,3,0,0,53,13.2,,,
Rich Chernomaz,23,NJD,RW,25,6,4,10,-11,8,4,2,0,0,4,0,0,44,13.6,,,
Sylvain Côté,21,HAR,D,67,2,8,10,10,20,2,0,0,0,7,0,1,100,2.0,,,
Brian Curran,23,NYI,D,68,0,10,10,3,356,0,0,0,0,9,0,1,34,0.0,,,
Rick Green,30,MTL,D,72,1,9,10,-1,10,1,0,0,0,8,0,1,39,2.6,,,"ASnhl-8,Byng-13,Norris-9"
Ari Haanpää,21,NYI,RW,41,6,4,10,10,17,6,0,0,3,4,0,0,45,13.3,,,
Jim Kyte,22,WIN,D,72,5,5,10,4,162,5,0,0,1,4,0,1,62,8.1,,,
Mike Lalor,23,MTL,D,57,0,10,10,5,47,0,0,0,0,9,0,1,58,0.0,,,
Robert Logan,22,BUF,RW,22,7,3,10,5,0,6,1,0,0,3,0,0,22,31.8,,,
Gates Orlando,24,BUF,C,27,2,8,10,-6,16,2,0,0,0,8,0,0,24,8.3,,,
Mark Pavelich,28,MNS,C,12,4,6,10,8,10,4,0,0,0,4,2,0,25,16.0,,,
Steve Payne,28,MNS,LW,48,4,6,10,-12,19,4,0,0,0,6,0,0,67,6.0,,,
Joel Quenneville,28,HAR,D,37,3,7,10,8,24,2,0,1,1,5,0,2,19,15.8,,,
Neil Sheehy,26,CGY,D,54,4,6,10,11,151,4,0,0,0,6,0,0,45,8.9,,,
Craig Wolanin,19,NJD,D,68,4,6,10,-34,109,4,0,0,0,6,0,0,68,5.9,,,
Mark Kumpel,25,2TM,RW,45,1,9,10,-10,16,1,0,0,0,9,0,0,48,2.1,,,
Mark Kumpel,25,QUE,RW,40,1,8,9,-12,16,1,0,0,0,8,0,0,47,2.1,,,
Mark Kumpel,25,DET,RW,5,0,1,1,2,0,0,0,0,0,1,0,0,1,0.0,,,
Hannu Järvenpää,23,WIN,RW,20,1,8,9,-4,6,1,0,0,0,6,2,0,36,2.8,,,
Dave Manson,20,CHI,D,63,1,8,9,-4,146,1,0,0,0,8,0,0,41,2.4,,,
Larry Playfair,28,LAK,D,37,2,7,9,0,181,2,0,0,0,7,0,0,20,10.0,,,
Ken Quinney,21,QUE,RW,25,2,7,9,1,16,1,1,0,0,7,0,0,22,9.1,,,
Joe Reekie,21,BUF,D,56,1,8,9,6,82,1,0,0,0,8,0,0,56,1.8,,,
Greg Smith,31,WSH,D,45,0,9,9,-6,31,0,0,0,0,8,1,0,30,0.0,,,
Mike Stapleton,20,CHI,C,39,3,6,9,-10,6,3,0,0,0,6,0,0,56,5.4,,,
Perry Berezan,22,CGY,C,24,5,3,8,4,24,4,0,1,0,3,0,0,31,16.1,,,
Nick Fotiu,34,CGY,LW,42,5,3,8,-3,145,5,0,0,1,3,0,0,32,15.6,,,
John Kordic,21,MTL,RW,44,5,3,8,-7,151,5,0,0,0,3,0,0,32,15.6,,,
Gordon Mark,22,NJD,D,36,3,5,8,-5,82,3,0,0,0,5,0,0,31,9.7,,,
George McPhee,28,NYR,LW,21,4,4,8,-1,34,4,0,0,2,4,0,0,31,12.9,,,
Craig Redmond,21,LAK,D,16,1,7,8,-1,8,1,0,0,0,5,1,1,18,5.6,,,
Steve Richmond,27,NJD,D,44,1,7,8,-12,143,1,0,0,0,6,0,1,31,3.2,,,
Pat Price,31,2TM,D,60,0,8,8,-15,130,0,0,0,0,8,0,0,26,0.0,,,
Pat Price,31,QUE,D,47,0,6,6,-7,81,0,0,0,0,6,0,0,22,0.0,,,
Pat Price,31,NYR,D,13,0,2,2,-8,49,0,0,0,0,2,0,0,4,0.0,,,
Dan Daoust,26,TOR,C,33,4,3,7,0,35,4,0,0,1,3,0,0,25,16.0,,,
Kari Eloranta,30,CGY,D,13,1,6,7,2,9,1,0,0,0,2,4,0,11,9.1,,,
Steven Finn,20,QUE,D,36,2,5,7,-7,40,2,0,0,0,3,2,0,35,5.7,,,
Jari Grönstrand,24,MNS,D,47,1,6,7,4,27,1,0,0,0,6,0,0,32,3.1,,,
Paul Guay,23,LAK,RW,35,2,5,7,-14,16,2,0,0,0,3,0,2,18,11.1,,,
Dave Lewis,33,DET,D,58,2,5,7,13,66,2,0,0,0,5,0,0,37,5.4,,,
Jim Nill,28,WIN,RW,36,3,4,7,1,52,2,1,0,2,3,0,1,12,25.0,,,
Dwight Schofield,30,PIT,D,25,1,6,7,6,59,1,0,0,0,5,1,0,9,11.1,,,
Raimo Helminen,22,2TM,C,27,2,5,7,-11,2,1,1,0,0,0,5,0,30,6.7,,,
Raimo Helminen,22,NYR,C,21,2,4,6,-8,2,1,1,0,0,0,4,0,24,8.3,,,
Raimo Helminen,22,MNS,C,6,0,1,1,-3,0,0,0,0,0,0,1,0,6,0.0,,,
Gilbert Delorme,24,2TM,D,43,4,3,7,-1,47,4,0,0,0,3,0,0,46,8.7,,,
Gilbert Delorme,24,QUE,D,19,2,0,2,-1,14,2,0,0,0,0,0,0,22,9.1,,,
Gilbert Delorme,24,DET,D,24,2,3,5,0,33,2,0,0,0,3,0,0,24,8.3,,,
Mike Hartman,19,BUF,RW,17,3,3,6,2,69,3,0,0,0,3,0,0,19,15.8,,,
Dale Henry,22,NYI,LW,19,3,3,6,2,46,3,0,0,0,3,0,0,14,21.4,,,
Ron Hextall,22,PHI,G,66,0,6,6,0,89,,,,0,6,,,0,,3791:36,,"ASnhl-1,AR-1,Hart-9,Calder-2,Vezina-1"
Pat Hughes,31,2TM,RW,45,1,5,6,-5,28,1,0,0,0,5,0,0,32,3.1,,,
Pat Hughes,31,STL,RW,43,1,5,6,-4,26,1,0,0,0,5,0,0,29,3.4,,,
Pat Hughes,31,HAR,RW,2,0,0,0,-1,2,0,0,0,0,0,0,0,3,0.0,,,
Marty McSorley,23,EDM,RW,41,2,4,6,-3,159,2,0,0,0,4,0,0,33,6.1,,,
Roland Melanson,26,LAK,G,46,0,6,6,0,22,,,,0,6,,,0,,2727:05,,
Kraig Nienhuis,25,BOS,LW,16,4,2,6,-5,2,2,2,0,0,0,2,0,24,16.7,,,
Joe Nieuwendyk,20,CGY,C,9,5,1,6,0,0,3,2,0,1,1,0,0,16,31.3,,,
Jeff Parker,22,BUF,C,15,3,3,6,0,7,3,0,0,0,3,0,0,10,30.0,,,
Dave Reid,22,BOS,LW,12,3,3,6,-1,0,3,0,0,0,3,0,0,19,15.8,,,
Bill Root,27,TOR,D,34,3,3,6,-9,37,2,1,0,0,3,0,0,31,9.7,,,
Norm Schmidt,24,PIT,D,20,1,5,6,-8,4,0,1,0,0,4,1,0,32,3.1,,,
Brian Sutter,30,STL,LW,14,3,3,6,-4,18,0,3,0,0,3,0,0,22,13.6,,,
Bob Sweeney,23,BOS,C,14,2,4,6,-5,21,2,0,0,0,3,1,0,13,15.4,,,
Perry Turnbull,27,WIN,LW,26,1,5,6,-2,44,1,0,0,0,4,1,0,29,3.4,,,
Lee Fogolin,31,2TM,D,44,1,5,6,-5,25,1,0,0,0,5,0,0,39,2.6,,,
Lee Fogolin,31,EDM,D,35,1,3,4,-3,17,1,0,0,0,3,0,0,34,2.9,,,
Lee Fogolin,31,BUF,D,9,0,2,2,-2,8,0,0,0,0,2,0,0,5,0.0,,,
Stu Kulak,23,3TM,RW,54,4,2,6,-10,78,3,1,0,2,2,0,0,56,7.1,,,
Stu Kulak,23,VAN,RW,28,1,1,2,-12,37,0,1,0,1,1,0,0,24,4.2,,,
Stu Kulak,23,EDM,RW,23,3,1,4,3,41,3,0,0,1,1,0,0,30,10.0,,,
Stu Kulak,23,NYR,RW,3,0,0,0,-1,0,0,0,0,0,0,0,0,2,0.0,,,
Doug Halward,31,2TM,D,21,0,6,6,-3,53,0,0,0,0,5,1,0,29,0.0,,,
Doug Halward,31,VAN,D,10,0,3,3,-7,34,0,0,0,0,3,0,0,21,0.0,,,
Doug Halward,31,DET,D,11,0,3,3,4,19,0,0,0,0,2,1,0,8,0.0,,,
Phil Bourque,24,PIT,D,22,2,3,5,-2,32,2,0,0,1,1,2,0,23,8.7,,,
Randy Burridge,21,BOS,LW,23,1,4,5,-8,16,1,0,0,1,3,0,1,28,3.6,,,
Lyndon Byers,22,BOS,RW,18,2,3,5,-1,53,2,0,0,0,3,0,0,14,14.3,,,
Steve Chiasson,19,DET,D,45,1,4,5,-6,73,1,0,0,0,3,1,0,44,2.3,,,
Gerald Diduck,21,NYI,D,30,2,3,5,-3,67,2,0,0,0,1,2,0,54,3.7,,,
Dave Gagner,22,NYR,C,10,1,4,5,-1,12,1,0,0,0,4,0,0,16,6.3,,,
Uwe Krupp,21,BUF,D,26,1,4,5,-9,23,1,0,0,0,3,1,0,34,2.9,,,
Don Lever,34,BUF,LW,10,3,2,5,-3,4,0,3,0,1,2,0,0,8,37.5,,,
Jim McGeough,23,PIT,C,11,1,4,5,-6,8,1,0,0,0,4,0,0,24,4.2,,,
Bob McGill,24,TOR,D,56,1,4,5,-2,103,1,0,0,0,4,0,0,27,3.7,,,
Max Middendorf,19,QUE,RW,6,1,4,5,-2,4,1,0,0,0,2,2,0,4,25.0,,,
Jay Miller,26,BOS,LW,55,1,4,5,-11,208,1,0,0,0,4,0,0,26,3.8,,,
Jaroslav Pouzar,35,EDM,LW,12,2,3,5,3,6,2,0,0,1,3,0,0,11,18.2,,,
Doug Risebrough,33,CGY,C,22,2,3,5,-2,66,2,0,0,0,3,0,0,19,10.5,,,
Steve Rooney,24,2TM,LW,32,2,3,5,-4,79,2,0,0,1,3,0,0,25,8.0,,,
Steve Rooney,24,MTL,LW,2,0,0,0,0,22,0,0,0,0,0,0,0,2,0.0,,,
Steve Rooney,24,WIN,LW,30,2,3,5,-4,57,2,0,0,1,3,0,0,23,8.7,,,
J.F. Sauvé,27,QUE,C,14,2,3,5,-4,4,0,2,0,0,0,3,0,14,14.3,,,
Glen Seabrooke,19,PHI,C,10,1,4,5,2,2,1,0,0,0,3,1,0,10,10.0,,,
Rick Zombo,23,DET,D,44,1,4,5,-6,59,1,0,0,0,4,0,0,28,3.6,,,
John Barrett,28,WSH,D,55,2,2,4,-17,43,2,0,0,0,2,0,0,37,5.4,,,
Paul Brydges,21,BUF,C,15,2,2,4,4,6,2,0,0,0,2,0,0,8,25.0,,,
Brian Engblom,32,CGY,D,32,0,4,4,-6,28,0,0,0,0,4,0,0,31,0.0,,,
Danny Gare,32,EDM,RW,18,1,3,4,2,6,1,0,0,0,3,0,0,22,4.5,,,
Kevan Guy,21,CGY,D,24,0,4,4,8,19,0,0,0,0,4,0,0,24,0.0,,,
Ed Hospodar,27,PHI,D,45,2,2,4,-7,136,2,0,0,1,2,0,0,17,11.8,,,
Dave Langevin,32,LAK,D,11,0,4,4,-3,7,0,0,0,0,3,0,1,5,0.0,,,
Mike Millar,21,HAR,RW,10,2,2,4,3,0,1,1,0,0,2,0,0,13,15.4,,,
Pete Peeters,29,WSH,G,37,0,4,4,0,16,,,,0,4,,,0,,1994:09,,
Chris Pryor,26,MNS,D,50,1,3,4,-6,49,1,0,0,0,2,0,1,20,5.0,,,
Everett Sanipass,18,CHI,LW,7,1,3,4,3,2,1,0,0,0,3,0,0,9,11.1,,,
Bob Sauvé,31,CHI,G,46,0,4,4,0,6,,,,0,4,,,0,,2651:45,,
Greg Stefan,25,DET,G,43,0,4,4,0,24,,,,0,4,,,0,,2341:47,,
Mats Thelin,25,BOS,D,59,1,3,4,-9,69,0,1,0,0,3,0,0,41,2.4,,,
Gilles Thibaudeau,23,MTL,C,9,1,3,4,5,0,1,0,0,0,3,0,0,10,10.0,,,
Ken Wregget,22,TOR,G,56,0,4,4,0,20,,,,0,4,,,0,,3025:35,,
Mikael Andersson,20,BUF,LW,16,0,3,3,-2,0,0,0,0,0,2,1,0,6,0.0,,,
Wade Campbell,26,BOS,D,14,0,3,3,-1,24,0,0,0,0,3,0,0,20,0.0,,,
Billy Carroll,28,DET,C,31,1,2,3,-9,6,1,0,0,1,2,0,0,12,8.3,,,
Jay Caufield,26,NYR,D,13,2,1,3,-1,45,2,0,0,0,1,0,0,8,25.0,,,
Neal Coulter,24,NYI,RW,9,2,1,3,-1,7,2,0,0,0,1,0,0,5,40.0,,,
Marc Crawford,25,VAN,LW,21,0,3,3,-8,67,0,0,0,0,3,0,0,19,0.0,,,
Brian Dobbin,20,PHI,RW,12,2,1,3,2,14,2,0,0,0,1,0,0,13,15.4,,,
Iain Duncan,23,WIN,LW,6,1,2,3,1,0,1,0,0,0,1,1,0,7,14.3,,,
Mark Ferner,21,BUF,D,13,0,3,3,2,9,0,0,0,0,3,0,0,5,0.0,,,
Mario Gosselin,23,QUE,G,30,0,3,3,0,20,,,,0,3,,,0,,1619:51,,
Jeff Greenlaw,18,WSH,LW,22,0,3,3,2,44,0,0,0,0,3,0,0,11,0.0,,,
Mark Lamb,22,DET,C,22,2,1,3,-1,8,2,0,0,0,1,0,0,8,25.0,,,
Mike Moller,24,EDM,RW,6,2,1,3,2,0,2,0,0,0,1,0,0,10,20.0,,,
Joe Paterson,26,LAK,LW,45,2,1,3,-11,158,2,0,0,1,1,0,0,30,6.7,,,
Rick Paterson,28,CHI,C,22,1,2,3,2,6,0,0,1,0,2,0,0,4,25.0,,,
Gary Sampson,27,WSH,LW,25,1,2,3,-9,4,1,0,0,0,2,0,0,14,7.1,,,
Daryl Stanley,24,PHI,D,33,1,2,3,8,76,1,0,0,1,2,0,0,20,5.0,,,
Mitch Wilson,24,PIT,C,17,2,1,3,-3,83,2,0,0,0,1,0,0,7,28.6,,,
Paul Baxter,31,CGY,D,18,0,2,2,-5,66,0,0,0,0,2,0,0,13,0.0,,,
Mike Blaisdell,27,PIT,RW,10,1,1,2,2,2,1,0,0,0,1,0,0,12,8.3,,,
Timo Blomqvist,26,NJD,D,20,0,2,2,-3,29,0,0,0,0,2,0,0,16,0.0,,,
Paul Cavallini,21,WSH,D,6,0,2,2,-4,8,0,0,0,0,2,0,0,6,0.0,,,
Jacques Cloutier,27,BUF,G,40,0,2,2,0,10,,,,0,2,,,0,,2156:24,,
Yvon Corriveau,19,WSH,LW,17,1,1,2,-4,24,1,0,0,0,1,0,0,7,14.3,,,
Michael Dark,23,STL,D,13,2,0,2,0,2,2,0,0,0,0,0,0,4,50.0,,,
Peter Dineen,26,LAK,D,11,0,2,2,-9,8,0,0,0,0,2,0,0,5,0.0,,,
Gord Donnelly,24,QUE,RW,38,0,2,2,-3,143,0,0,0,0,2,0,0,14,0.0,,,
Mike Donnelly,23,NYR,LW,5,1,1,2,0,0,1,0,0,0,1,0,0,5,20.0,,,
Todd Ewen,20,STL,RW,23,2,0,2,-1,84,2,0,0,0,0,0,0,11,18.2,,,
Bob Froese,28,2TM,G,31,0,,2,0,56,,,,0,2,,,0,,1649:05,,Vezina-5
Bob Froese,28,PHI,G,3,0,,,0,0,,,,0,0,,,0,,179:44,,
Bob Froese,28,NYR,G,28,0,,2,0,56,,,,0,2,,,0,,1469:21,,
Grant Fuhr,24,EDM,G,44,0,2,2,0,6,,,,0,2,,,0,,2387:13,,"ASnhl-3,Vezina-3"
Lee Giffin,19,PIT,RW,8,1,1,2,2,0,1,0,0,0,1,0,0,8,12.5,,,
Steve Graves,22,EDM,C,12,2,0,2,-3,0,2,0,0,1,0,0,0,12,16.7,,,
Marc Habscheid,23,MNS,C,15,2,0,2,-6,2,1,1,0,0,0,0,0,14,14.3,,,
Bill Hajt,35,BUF,D,23,0,2,2,0,4,0,0,0,0,2,0,0,11,0.0,,,
Bob Halkidis,20,BUF,D,6,1,1,2,3,19,1,0,0,0,1,0,0,4,25.0,,,
Ken Hammond,23,LAK,D,10,0,2,2,2,11,0,0,0,0,2,0,0,7,0.0,,,
Brian Hayward,26,MTL,G,37,0,2,2,0,2,,,,0,2,,,0,,2171:57,,"ASnhl-5,Jennings-1,Vezina-6"
Al Hill,31,PHI,LW,7,0,2,2,1,4,0,0,0,0,2,0,0,2,0.0,,,
Paul Houck,23,MNS,RW,12,0,2,2,-2,2,0,0,0,0,2,0,0,10,0.0,,,
Ed Kastelic,23,WSH,RW,23,1,1,2,-2,83,0,1,0,0,1,0,0,15,6.7,,,
Doug Keans,29,BOS,G,36,0,2,2,0,24,,,,0,2,,,0,,1942:28,,
Tim Lenardon,24,NJD,C,7,1,1,2,-2,0,1,0,0,0,1,0,0,13,7.7,,,
Mike Liut,31,HAR,G,59,0,2,2,0,4,,,,0,2,,,0,,3469:06,,"ASnhl-2,Hart-3,Vezina-2"
Clint Malarchuk,25,QUE,G,54,0,2,2,0,37,,,,0,2,,,0,,3084:14,,
Greg Millen,29,STL,G,42,0,2,2,0,12,,,,0,2,,,0,,2477:34,,
Andy Moog,26,EDM,G,46,0,2,2,0,8,,,,0,2,,,0,,2457:20,,"ASnhl-8,Vezina-8"
Don Nachbaur,28,PHI,C,23,0,2,2,1,87,0,0,0,0,2,0,0,12,0.0,,,
Lyle Phair,25,LAK,LW,5,2,0,2,-1,2,2,0,0,0,0,0,0,4,50.0,,,
Phil Russell,34,BUF,D,6,0,2,2,0,12,0,0,0,0,2,0,0,2,0.0,,,
Billy Smith,36,NYI,G,40,0,2,2,0,37,,,,0,2,,,0,,2244:40,,
John Stevens,20,PHI,D,6,0,2,2,0,14,0,0,0,0,1,1,0,2,0.0,,,
Mike Vernon,23,CGY,G,55,0,2,2,0,14,,,,0,2,,,0,,3013:53,,"ASnhl-7,Vezina-11"
Richard Zemlak,23,QUE,C,21,0,2,2,0,47,0,0,0,0,2,0,0,2,0.0,,,
Joel Baillargeon,22,WIN,LW,11,0,1,1,-3,15,0,0,0,0,1,0,0,1,0.0,,,
Murray Bannerman,29,CHI,G,39,0,1,1,0,4,,,,0,1,,,0,,2052:49,,
Tom Barrasso,21,BUF,G,46,0,1,1,0,22,,,,0,1,,,0,,2488:26,,
Robin Bartel,25,VAN,D,40,0,1,1,0,14,0,0,0,0,1,0,0,16,0.0,,,
Neil Belland,25,PIT,D,3,0,1,1,0,0,0,0,0,0,1,0,0,4,0.0,,,
Doug Brown,22,NJD,RW,4,0,1,1,-4,0,0,0,0,0,1,0,0,10,0.0,,,
John Carter,23,BOS,LW,8,0,1,1,2,0,0,0,0,0,1,0,0,12,0.0,,,
Shane Churla,21,HAR,RW,20,0,1,1,-1,78,0,0,0,0,1,0,0,2,0.0,,,
Craig Coxe,23,VAN,C,15,1,0,1,-2,31,0,1,0,0,0,0,0,7,14.3,,,
Chris Dahlquist,24,PIT,D,19,0,1,1,-2,20,0,0,0,0,1,0,0,15,0.0,,,
Richie Dunn,29,BUF,D,2,0,1,1,2,2,0,0,0,0,0,1,0,1,0.0,,,
Steve Dykstra,24,BUF,D,37,0,1,1,-8,179,0,0,0,0,1,0,0,21,0.0,,,
Darren Eliot,25,LAK,G,24,0,1,1,0,18,,,,0,1,,,0,,1396:33,,
Craig Endean,18,WIN,LW,2,0,1,1,2,0,0,0,0,0,1,0,0,0,,,,
Daryl Evans,26,TOR,LW,2,1,0,1,-2,0,0,1,0,0,0,0,0,2,50.0,,,
Ted Fauss,25,TOR,D,15,0,1,1,4,11,0,0,0,0,1,0,0,4,0.0,,,
David Fenyves,26,BUF,D,7,1,0,1,-2,0,1,0,0,0,0,0,0,3,33.3,,,
Mark Freer,18,PHI,C,1,0,1,1,1,0,0,0,0,0,1,0,0,0,,,,
Karl Friesen,28,NJD,G,4,0,1,1,0,0,,,,0,1,,,0,,130:04,,
Bill Gardner,26,HAR,C,8,0,1,1,-2,0,0,0,0,0,1,0,0,7,0.0,,,
Mark Hamway,25,NYI,RW,2,0,1,1,-1,0,0,0,0,0,1,0,0,1,0.0,,,
Kelly Hrudey,26,NYI,G,46,0,1,1,0,37,,,,0,1,,,0,,2626:17,,Vezina-11
Brett Hull,22,CGY,RW,5,1,0,1,-1,0,1,0,0,1,0,0,0,5,20.0,,,
Don Jackson,30,NYR,D,22,1,0,1,-2,91,1,0,0,0,0,0,0,4,25.0,,,
Al Jensen,28,2TM,G,11,0,,1,0,0,,,,0,1,,,0,,624:52,,
Al Jensen,28,WSH,G,6,0,,,0,0,,,,0,0,,,0,,325:58,,
Al Jensen,28,LAK,G,5,0,,1,0,0,,,,0,1,,,0,,298:54,,
Terry Johnson,28,TOR,D,48,0,1,1,-5,104,0,0,0,0,1,0,0,11,0.0,,,
Brad Jones,21,WIN,LW,4,1,0,1,2,0,1,0,0,0,0,0,0,8,12.5,,,
Mark LaForest,24,DET,G,5,0,1,1,0,7,,,,0,1,,,0,,217:56,,
Steve Leach,21,WSH,RW,15,1,0,1,-4,6,1,0,0,0,0,0,0,17,5.9,,,
Jim Leavins,26,NYR,D,4,0,1,1,0,4,0,0,0,0,1,0,0,4,0.0,,,
John LeBlanc,23,VAN,LW,2,1,0,1,1,0,1,0,0,0,0,0,0,4,25.0,,,
Craig Levie,27,VAN,D,9,0,1,1,3,13,0,0,0,0,1,0,0,8,0.0,,,
Norm Maciver,22,NYR,D,4,0,1,1,-5,0,0,0,0,0,0,1,0,2,0.0,,,
Greg Malone,30,QUE,C,6,0,1,1,0,0,0,0,0,0,1,0,0,6,0.0,,,
Tom Martin,22,WIN,LW,11,1,0,1,1,49,1,0,0,0,0,0,0,3,33.3,,,
Dwight Mathiasen,23,PIT,RW,6,0,1,1,-1,2,0,0,0,0,1,0,0,4,0.0,,,
Gilles Meloche,36,PIT,G,43,0,1,1,0,20,,,,0,1,,,0,,2334:20,,
Joe Murphy,19,DET,C,5,0,1,1,0,2,0,0,0,0,1,0,0,3,0.0,,,
Bill Ranford,20,BOS,G,41,0,1,1,0,8,,,,0,1,,,0,,2225:33,,
Pat Riggin,27,2TM,G,27,0,,1,0,2,,,,0,1,,,0,,1497:05,,
Pat Riggin,27,BOS,G,10,0,,,0,0,,,,0,0,,,0,,511:59,,
Pat Riggin,27,PIT,G,17,0,,1,0,2,,,,0,1,,,0,,985:06,,
Torrie Robertson,25,HAR,LW,20,1,0,1,-6,98,1,0,0,1,0,0,0,19,5.3,,,
Patrick Roy,21,MTL,G,46,0,1,1,0,8,,,,0,1,,,0,,2675:23,,"ASnhl-4,Jennings-1,Vezina-10"
Jeff Sharples,19,DET,D,3,0,1,1,0,2,0,0,0,0,1,0,0,1,0.0,,,
Frank Simonetti,24,BOS,D,25,1,0,1,-6,17,1,0,0,0,0,0,0,11,9.1,,,
Allan Stewart,23,NJD,LW,7,1,0,1,-3,26,1,0,0,0,0,0,0,8,12.5,,,
Trevor Stienburg,20,QUE,RW,6,1,0,1,0,12,1,0,0,1,0,0,0,6,16.7,,,
John Vanbiesbrouck,23,NYR,G,50,0,1,1,0,18,,,,0,1,,,0,,2650:35,,Vezina-6
Emanuel Viveiros,21,MNS,D,1,0,1,1,0,0,0,0,0,0,0,1,0,1,0.0,,,
Gord Walker,21,NYR,LW,1,1,0,1,2,4,1,0,0,0,0,0,0,1,100.0,,,
Randy Wood,23,NYI,LW,6,1,0,1,-1,4,1,0,0,0,0,0,0,4,25.0,,,
Wendell Young,23,VAN,G,8,0,1,1,0,0,,,,0,1,,,0,,418:43,,
Jim Agnew,20,VAN,D,4,0,0,0,0,0,0,0,0,0,0,0,0,1,0.0,,,
Ray Allison,27,PHI,RW,2,0,0,0,-2,0,0,0,0,0,0,0,0,1,0.0,,,
Jim Archibald,25,MNS,RW,1,0,0,0,-1,2,0,0,0,0,0,0,0,1,0.0,,,
Wayne Babych,28,HAR,RW,4,0,0,0,-5,4,0,0,0,0,0,0,0,2,0.0,,,
Yves Beaudoin,22,WSH,D,6,0,0,0,-4,5,0,0,0,0,0,0,0,4,0.0,,,
Don Beaupre,25,MNS,G,47,0,0,0,0,16,,,,0,0,,,0,,2612:27,,
Tim Bernhardt,29,TOR,G,1,0,0,0,0,0,,,,0,0,,,0,,20:00,,
Daniel Berthiaume,21,WIN,G,31,0,0,0,0,2,,,,0,0,,,0,,1755:27,,Vezina-8
Craig Berube,21,PHI,LW,7,0,0,0,2,57,0,0,0,0,0,0,0,4,0.0,,,
Allan Bester,22,TOR,G,36,0,0,0,0,8,,,,0,0,,,0,,1795:55,,
Craig Billington,20,NJD,G,22,0,0,0,0,12,,,,0,0,,,0,,1108:45,,
Serge Boisvert,27,MTL,RW,1,0,0,0,0,0,0,0,0,0,0,0,0,0,,,,
Greg Britz,26,HAR,RW,1,0,0,0,0,0,0,0,0,0,0,0,0,0,,,,
Richard Brodeur,34,VAN,G,53,0,0,0,0,2,,,,0,0,,,0,,2961:47,,
Murray Brumwell,26,NJD,D,1,0,0,0,1,2,0,0,0,0,0,0,0,2,0.0,,,
James Camazzola,23,CHI,LW,2,0,0,0,-1,0,0,0,0,0,0,0,0,2,0.0,,,
Frank Caprice,24,VAN,G,25,0,0,0,0,9,,,,0,0,,,0,,1386:09,,
Jack Carlson,32,MNS,LW,8,0,0,0,-1,13,0,0,0,0,0,0,0,1,0.0,,,
Bruce Cassidy,21,CHI,D,2,0,0,0,-1,0,0,0,0,0,0,0,0,0,,,,
Todd Charlesworth,21,PIT,D,1,0,0,0,0,0,0,0,0,0,0,0,0,0,,,,
Alain Chevrier,25,NJD,G,58,0,0,0,0,17,,,,0,0,,,0,,3149:15,,
Colin Chisholm,23,MNS,D,1,0,0,0,0,0,0,0,0,0,0,0,0,0,,,,
Jeff Chychrun,20,PHI,D,1,0,0,0,0,4,0,0,0,0,0,0,0,1,0.0,,,
Chris Cichocki,23,DET,RW,2,0,0,0,-1,2,0,0,0,0,0,0,0,0,,,,
Glen Cochrane,29,VAN,D,14,0,0,0,0,52,0,0,0,0,0,0,0,2,0.0,,,
Alain Côté,19,BOS,D,3,0,0,0,-1,0,0,0,0,0,0,0,0,1,0.0,,,
Yves Courteau,22,HAR,RW,4,0,0,0,-6,0,0,0,0,0,0,0,0,4,0.0,,,
Bob Crawford,27,2TM,RW,15,0,0,0,-1,2,0,0,0,0,0,0,0,14,0.0,,,
Bob Crawford,27,NYR,RW,3,0,0,0,-1,2,0,0,0,0,0,0,0,1,0.0,,,
Bob Crawford,27,WSH,RW,12,0,0,0,0,0,0,0,0,0,0,0,0,13,0.0,,,
Doug Dadswell,22,CGY,G,2,0,0,0,0,0,,,,0,0,,,0,,124:42,,
Cleon Daskalakis,24,BOS,G,2,0,0,0,0,0,,,,0,0,,,0,,96:51,,
Peter Douris,20,WIN,RW,6,0,0,0,-1,0,0,0,0,0,0,0,0,3,0.0,,,
Craig Duncanson,19,LAK,LW,2,0,0,0,0,24,0,0,0,0,0,0,0,1,0.0,,,
Jerry Dupont,24,TOR,D,13,0,0,0,-5,23,0,0,0,0,0,0,0,5,0.0,,,
Paul Fenton,27,NYR,LW,8,0,0,0,-5,2,0,0,0,0,0,0,0,11,0.0,,,
Troy Gamble,19,VAN,G,1,0,0,0,0,0,,,,0,0,,,0,,59:30,,
Randy Gilhen,23,WIN,C,2,0,0,0,-2,0,0,0,0,0,0,0,0,3,0.0,,,
Jere Gillis,30,PHI,LW,1,0,0,0,0,0,0,0,0,0,0,0,0,0,,,,
Steve Guenette,21,PIT,G,2,0,0,0,0,0,,,,0,0,,,0,,111:35,,
Richard Hajdu,21,BUF,LW,2,0,0,0,1,0,0,0,0,0,0,0,0,1,0.0,,,
Taylor Hall,22,VAN,LW,4,0,0,0,-2,0,0,0,0,0,0,0,0,1,0.0,,,
Mats Hallin,28,MNS,LW,6,0,0,0,-3,4,0,0,0,0,0,0,0,5,0.0,,,
Glen Hanlon,29,DET,G,36,0,0,0,0,20,,,,0,0,,,0,,1952:38,,
Yves Heroux,21,QUE,RW,1,0,0,0,0,0,0,0,0,0,0,0,0,0,,,,
Jim Hofford,22,BUF,D,12,0,0,0,-1,40,0,0,0,0,0,0,0,8,0.0,,,
Kerry Huffman,19,PHI,D,9,0,0,0,5,2,0,0,0,0,0,0,0,3,0.0,,,
Val James,29,TOR,LW,4,0,0,0,0,14,0,0,0,0,0,0,0,0,,,,
Bob Janecyk,29,LAK,G,7,0,0,0,0,2,,,,0,0,,,0,,418:42,,
Eddie Johnstone,32,DET,RW,6,0,0,0,1,0,0,0,0,0,0,0,0,0,,,,
Derek King,19,NYI,LW,2,0,0,0,0,0,0,0,0,0,0,0,0,5,0.0,,,
Dale Krentz,25,DET,LW,8,0,0,0,-2,0,0,0,0,0,0,0,0,5,0.0,,,
Derek Laxdal,20,TOR,RW,2,0,0,0,-1,7,0,0,0,0,0,0,0,0,,,,
Réjean Lemelin,32,CGY,G,33,0,0,0,0,20,,,,0,0,,,0,,1670:10,,ASnhl-8
Alain Lemieux,25,PIT,C,1,0,0,0,-1,0,0,0,0,0,0,0,0,0,,,,
Dave Lumley,32,EDM,RW,1,0,0,0,0,0,0,0,0,0,0,0,0,0,,,,
Kevin Maguire,24,TOR,RW,17,0,0,0,-6,74,0,0,0,0,0,0,0,2,0.0,,,
Grant Martin,24,WSH,C,9,0,0,0,-1,4,0,0,0,0,0,0,0,5,0.0,,,
Bob Mason,25,WSH,G,45,0,0,0,0,0,,,,0,0,,,0,,2525:26,,ASnhl-10
Kevin McCarthy,29,PHI,D,2,0,0,0,-1,0,0,0,0,0,0,0,0,0,,,,
Kirk McLean,20,NJD,G,4,0,0,0,0,0,,,,0,0,,,0,,159:57,,
Carl Mokosak,24,PIT,LW,3,0,0,0,-4,4,0,0,0,0,0,0,0,3,0.0,,,
Steve Penney,25,WIN,G,7,0,0,0,0,7,,,,0,0,,,0,,325:46,,
Mike Posavad,23,STL,D,2,0,0,0,1,0,0,0,0,0,0,0,0,0,,,,
Daniel Poudrier,22,QUE,D,6,0,0,0,-2,0,0,0,0,0,0,0,0,2,0.0,,,
Daren Puppa,21,BUF,G,3,0,0,0,0,2,,,,0,0,,,0,,183:45,,
Pokey Reddick,22,WIN,G,48,0,0,0,0,8,,,,0,0,,,0,,2760:20,,"ASnhl-6,Calder-5,Vezina-4"
Glenn Resch,38,PHI,G,17,0,0,0,0,0,,,,0,0,,,0,,864:13,,
Mike Rowe,21,PIT,D,2,0,0,0,-2,0,0,0,0,0,0,0,0,1,0.0,,,
Scott Sandelin,22,MTL,D,1,0,0,0,1,0,0,0,0,0,0,0,0,0,,,,
Mike Sands,23,MNS,G,3,0,0,0,0,0,,,,0,0,,,0,,162:35,,
Darin Sceviour,21,CHI,RW,1,0,0,0,0,0,0,0,0,0,0,0,0,1,0.0,,,
Ron Scott,26,NYR,G,1,0,0,0,0,0,,,,0,0,,,0,,65:00,,
Richard Sévigny,29,QUE,G,4,0,0,0,0,4,,,,0,0,,,0,,143:28,,
Scott Shaunessy,23,QUE,D,3,0,0,0,-1,7,0,0,0,0,0,0,0,0,,,,
Brad Shaw,22,HAR,D,2,0,0,0,0,0,0,0,0,0,0,0,0,2,0.0,,,
Gord Sherven,23,HAR,C,7,0,0,0,-6,0,0,0,0,0,0,0,0,7,0.0,,,
Mike Siltala,23,NYR,RW,1,0,0,0,1,0,0,0,0,0,0,0,0,0,,,,
Warren Skorodenski,26,CHI,G,3,0,0,0,0,0,,,,0,0,,,0,,155:07,,
Randy Smith,21,MNS,C,2,0,0,0,-2,0,0,0,0,0,0,0,0,0,,,,
Steve Smith,23,PHI,D,2,0,0,0,0,6,0,0,0,0,0,0,0,2,0.0,,,
Greg Smyth,20,PHI,D,1,0,0,0,-2,0,0,0,0,0,0,0,0,1,0.0,,,
Doug Soetaert,31,NYR,G,13,0,0,0,0,14,,,,0,0,,,0,,672:55,,
Sam St. Laurent,27,DET,G,6,0,0,0,0,0,,,,0,0,,,0,,342:12,,
Mike Stothers,24,PHI,D,2,0,0,0,0,4,0,0,0,0,0,0,0,2,0.0,,,
Peter Taglianetti,23,WIN,D,3,0,0,0,-4,12,0,0,0,0,0,0,0,2,0.0,,,
Kari Takko,24,MNS,G,38,0,0,0,0,14,,,,0,0,,,0,,2066:05,,
Ron Talakoski,24,NYR,RW,3,0,0,0,1,21,0,0,0,0,0,0,0,1,0.0,,,
Chris Terreri,22,NJD,G,7,0,0,0,0,0,,,,0,0,,,0,,285:00,,
Jim Thomson,21,WSH,RW,10,0,0,0,-1,35,0,0,0,0,0,0,0,5,0.0,,,
Tim Tookey,26,PHI,C,2,0,0,0,0,0,0,0,0,0,0,0,0,1,0.0,,,
Sean Toomey,21,MNS,LW,1,0,0,0,-1,0,0,0,0,0,0,0,0,2,0.0,,,
Larry Trader,23,STL,D,5,0,0,0,-5,8,0,0,0,0,0,0,0,3,0.0,,,
Doug Trapp,21,BUF,LW,2,0,0,0,0,0,0,0,0,0,0,0,0,1,0.0,,,
Wayne Van Dorp,25,EDM,LW,3,0,0,0,-1,25,0,0,0,0,0,0,0,3,0.0,,,
Rick Wamsley,27,STL,G,41,0,0,0,0,10,,,,0,0,,,0,,2404:08,,
Steve Weeks,28,HAR,G,25,0,0,0,0,0,,,,0,0,,,0,,1367:29,,
Brian Wilks,20,LAK,C,1,0,0,0,-2,0,0,0,0,0,0,0,0,0,,,,
Roberto Romano,24,2TM,G,26,0,,,0,0,,,,0,0,,,0,,1493:21,,
Roberto Romano,24,PIT,G,25,0,,,0,0,,,,0,0,,,0,,1433:21,,
Roberto Romano,24,BOS,G,1,0,,,0,0,,,,0,0,,,0,,60:00,,
League Average,,,,,,,,,,,,,,,,,,12.2,,,
